time,x,y,z,phi,theta,psi,x_velocity,y_velocity,z_velocity,phi_velocity,theta_velocity,psi_velocity,rotor_speed1,rotor_speed2,rotor_speed3,rotor_speed4
0.06,1.03383390217e-07,8.48800967053e-08,10.0056088647,8.67874375192e-05,6.2829672143,0.0,1.45653005529e-05,7.98306480366e-06,0.186949329257,0.00419308642093,-0.0121315823454,0.0,464.1872718414406,463.2345177356941,463.46120371839226,463.7905617727563
0.12000000000000001,9.21445609852e-06,3.6859969824e-06,10.0229559652,6.28318154303,6.28238568334,0.0,0.000365552997044,0.000125687189297,0.391239049955,-0.0164739866905,-0.00521231431691,0.0,468.13417281213185,468.6723027711637,470.16211900032954,468.5584709857983
0.18,5.18061620992e-05,8.54705752362e-06,10.0529281016,4.13520148523e-05,6.28213004531,0.0,0.00108790857239,-4.77969622964e-06,0.607741718776,0.0225282353488,-0.00242204468197,0.0,471.93919272422045,472.1545574869046,471.67703056919817,474.67908291610007
0.23999999999999996,0.000139148487015,1.4177020024e-05,10.0920620719,0.00137754350252,6.28186507666,0.0,0.00184370330231,0.000327323561398,0.696673384428,0.0217480880057,-0.00873686355978,0.0,434.5072878302976,433.9777207155968,433.3336817353076,433.26814344089445
0.3,0.000272202317445,5.93442851906e-05,10.13200162,0.00257278581112,6.28125618526,0.0,0.00263555484633,0.00127605899884,0.634681817182,0.0159900012898,-0.0131317809116,0.0,382.09603271391563,381.67697831000356,383.53281741482596,382.98565635483703
0.36000000000000004,0.000472992819355,0.000192681758784,10.1729721716,0.00378438739242,6.28010189766,0.0,0.0041515596583,0.00327961103047,0.730945574654,0.0274961550985,-0.0356900476568,0.0,437.50372880689406,435.6217027296991,435.24784173511335,436.2096016720128
0.4200000000000001,0.000790799822746,0.00047033626677,10.2188914004,0.00566502683999,6.27772987622,0.0,0.00666023289588,0.00614813976635,0.799647827708,0.0381011290136,-0.0486096437055,0.0,427.5482377843252,426.4453222254861,427.3903650775697,428.29353800484256
0.48000000000000015,0.0012987890241,0.00094987064474,10.2673983764,0.00776706995043,6.27540050477,0.0,0.0105037635704,0.0100340406217,0.817236059368,0.0280614225534,-0.0242135013372,0.0,409.2034891994839,411.3681376611864,411.34758459730966,410.45830499740845
0.5400000000000001,0.00212781622427,0.00175135749942,10.3234670109,0.00939907241984,6.27402115835,0.0,0.0173014427424,0.0168827994062,1.05152928135,0.0254193633394,-0.0206465978142,0.0,478.4859662831146,478.7573957237777,478.1420514668435,477.940872111162
0.6000000000000002,0.00338919649592,0.00299465072819,10.3926877696,0.0109562623536,6.27293302935,0.0,0.0248787658839,0.0247392940854,1.25562431225,0.0269998124466,-0.0135350242573,0.0,470.51723918080967,471.0674971883347,468.9484595204545,469.0712878340063
0.6600000000000003,0.00511006662786,0.00472611252944,10.4723204404,0.0125651415261,6.2723469187,0.0,0.0325566210988,0.033149162613,1.39863083417,0.0264417932381,-0.0031365293768,0.0,452.44971251351257,453.28615353893446,451.0165530010381,450.9716368689571
0.7200000000000003,0.00733537138228,0.00703680968226,10.5635942487,0.0142400917261,6.27224781611,0.0,0.0416342258253,0.0440713949968,1.6435070971,0.0307115711666,0.00116404290525,0.0,482.2948891150748,482.61959688568686,482.57727490812425,482.89956868196197
0.7800000000000004,0.0100966449534,0.0100322835259,10.6686373447,0.0159619393548,6.27228614493,0.0,0.0503981710929,0.0559852353342,1.85760310485,0.0243306052988,-0.000432996470328,0.0,474.8399995413865,474.7174647953205,474.1238280687382,473.63354283415555
0.8400000000000004,0.0133847519266,0.013784449492,10.7866564587,0.0172187918054,6.2720563089,0.0,0.0592152899964,0.069244434344,2.07599357931,0.0131381267623,-0.0116804739816,0.0,476.94005370863874,476.0803719205607,476.4518357910167,475.5953756536692
0.9000000000000005,0.0171689944809,0.018295712679,10.9140998699,0.0177784286441,6.27125605672,0.0,0.0669999243323,0.0811974879674,2.17193993915,0.000340693134378,-0.0168765595442,0.0,440.0624168382531,439.63222614793557,440.38414530027694,439.32426318927014
0.9600000000000005,0.0214622829426,0.023568619855,11.0493139891,0.0174111440476,6.27023274253,0.0,0.0762190457893,0.0945463771459,2.33487714212,-0.0239718756995,-0.0174149858991,0.0,461.23850202549164,461.1960706155359,461.6349015507075,459.7126003105294
1.0200000000000005,0.0263251912514,0.0296191225943,11.1937868781,0.0156170713242,6.26905162526,0.0,0.0859943539763,0.106959995544,2.48058183101,-0.0456866520765,-0.0246633134298,0.0,457.13074150259985,456.55284903104837,456.79391284369535,455.05869812507535
1.0800000000000005,0.0317973923462,0.0363644004048,11.3466662195,0.0127845387237,6.26766600114,0.0,0.09656120468,0.117579359598,2.61510000378,-0.0504406241454,-0.0201264453382,0.0,453.0873239489726,453.45188110019586,454.1218867513938,453.73910734633375
1.1400000000000006,0.0379589418994,0.0437045857662,11.5092822894,0.00981076578308,6.26614833076,0.0,0.108970472344,0.12674170518,2.80499089272,-0.0478633454017,-0.038416752016,0.0,471.4515219505686,470.0361010481623,470.9806326459409,471.1785355128149
1.2000000000000006,0.0448491419268,0.0514964670452,11.6800950083,0.00745239575737,6.26403858721,0.0,0.120918203058,0.132728756962,2.88855695921,-0.0261313748302,-0.0293413797487,0.0,437.9128183286985,438.66651207200954,439.3735129198063,441.17063477546236
1.2600000000000007,0.0524627501952,0.0595919457525,11.8541720356,0.00621932668409,6.26184191351,0.0,0.133041051339,0.13699397243,2.91394300516,-0.0112397053954,-0.0579814711311,0.0,422.45314629738874,419.9753988897419,419.8979961618296,421.1878628625593
1.3200000000000007,0.060923397551,0.0679443633716,12.0331016533,0.00613484314399,6.25804262554,0.0,0.149359923431,0.141382140444,3.05001446194,0.0132558399075,-0.077014029896,0.0,456.14743892894245,454.62204783472134,456.09901836759104,458.0512344283011
1.3800000000000008,0.0705264183912,0.0765819047769,12.2231626701,0.00686296598627,6.25411621274,0.0,0.171236746967,0.146624654904,3.28469202487,0.00979465015079,-0.0488922960719,0.0,484.7580448357258,486.86358637457585,486.6651540026737,486.40588043530744
1.4400000000000008,0.0815020504465,0.0855452965491,12.426285894,0.00826209653173,6.25146285377,0.0,0.194924730035,0.152276866151,3.48547826617,0.0418190645054,-0.0362233998565,0.0,477.40423903445725,478.3689365832397,476.24548896181795,478.68875305401696
1.5000000000000009,0.0940230155968,0.0949057724595,12.6434509056,0.010983865942,6.24921863274,0.0,0.222692923817,0.160063993136,3.75250181034,0.0516439650446,-0.039874792176,0.0,498.5521927859954,498.2848305761555,496.89893591363847,497.6196202937449
1.560000000000001,0.108107211916,0.104751670253,12.8719424978,0.013935364188,6.24662253472,0.0,0.247024300793,0.168442298743,3.86349813435,0.0437724379638,-0.0511038851785,0.0,454.12884030244055,453.226148386538,454.115741655941,453.48529322244383
1.620000000000001,0.123666357359,0.115145316074,13.1059841275,0.0171827107369,6.24417128646,0.0,0.271869314594,0.1783024067,3.93761682434,0.0693600408182,-0.0257263347607,0.0,441.648954278932,443.7362224307602,442.3710526755784,444.47502792964076
1.680000000000001,0.140957531909,0.126290480849,13.3494906171,0.0216020407538,6.24235979325,0.0,0.304672202078,0.193715879177,4.17839207949,0.0810945974299,-0.0410862712614,0.0,494.1342034269802,493.0003017258402,492.7816598513469,493.6519640713845
1.740000000000001,0.160071279174,0.138367275243,13.6027241615,0.0262690190471,6.23967657624,0.0,0.33269403663,0.209312508466,4.26238602399,0.0701693969854,-0.0532108632178,0.0,448.4267990275387,447.439548061199,449.69416171903964,448.81294165005846
1.8000000000000012,0.181121434795,0.151593913509,13.8654878414,0.0309205377895,6.23611238273,0.0,0.36934304074,0.232093162774,4.49547093904,0.0892089063007,-0.0761762672466,0.0,494.26739334550075,492.56957517462814,493.06557311475717,494.47428070220394
1.8600000000000012,0.204367855592,0.166242498521,14.1402215582,0.0360824979321,6.23194532377,0.0,0.405990060275,0.25675911275,4.66159908724,0.0787781559313,-0.0585852974662,0.0,475.72164889247193,477.0634102776445,476.2026686939129,475.4095654964234
1.9200000000000013,0.22970072547,0.182341694196,14.4210242777,0.0409843252078,6.2289795362,0.0,0.438725532333,0.280320470589,4.69829437198,0.0869720863542,-0.0355472608964,0.0,435.07761839497397,437.0007139217064,439.363617927098,440.0479748720473
1.9800000000000013,0.257182171468,0.200050180171,14.706456417,0.0462455823135,6.22677064582,0.0,0.477520330495,0.310488280921,4.81556967865,0.0890806683451,-0.0394781559315,0.0,464.3974079275624,464.0883722303226,462.4144910952584,462.58662851164394
2.0400000000000014,0.286984351945,0.219636069269,14.99796734,0.0519672439659,6.2246071506,0.0,0.516087660124,0.342910464463,4.90103862601,0.105630904709,-0.0299728242597,0.0,453.8960248966586,454.6577460520735,454.5909110520915,455.9227053302367
2.1000000000000014,0.319109653993,0.241256905615,15.2940482758,0.0580227536083,6.22262868564,0.0,0.554917775736,0.378370603236,4.96797125618,0.0892998370366,-0.0397773563976,0.0,450.4335708934665,449.63944287248495,450.4181609697513,449.1038574404835
2.1600000000000015,0.353727952601,0.26523929279,15.5961391957,0.0635273290994,6.22002753579,0.0,0.599251210427,0.421585462573,5.10106193834,0.096226013813,-0.0516813352626,0.0,471.8380875784949,470.91710139855684,470.003110661825,470.54622292444174
2.2200000000000015,0.390713807983,0.291580273173,15.9007199077,0.0690425083846,6.21742200529,0.0,0.633845984682,0.45691100271,5.05177790379,0.0815091662555,-0.0306160649486,0.0,413.7232373945304,415.5728020728826,414.59659425977696,413.309020847236
2.2800000000000016,0.429851091881,0.320166804867,16.2028996099,0.0741152656412,6.21560562012,0.0,0.670885037273,0.49639177785,5.02094793554,0.090013132203,-0.0295959225969,0.0,421.4825123427345,421.5703332834802,418.46476803679303,419.2107970311912
2.3400000000000016,0.471405645636,0.351390715166,16.5056459602,0.0796199104262,6.213487496,0.0,0.714426508545,0.544899722367,5.07029242846,0.0949966127943,-0.0502745600667,0.0,447.06903064976825,445.38008702741075,445.7708495401333,446.1849885756591
2.4000000000000017,0.51581258313,0.385855704823,16.8141192052,0.0848627665668,6.21083501815,0.0,0.766057717285,0.604474864548,5.21139877612,0.0643218464743,-0.0342246632748,0.0,474.40520382583253,475.6351076393854,475.7891628121942,473.440024110484
2.4600000000000017,0.563071949338,0.423650748126,17.1269516036,0.0888645884065,6.20879471506,0.0,0.809425455154,0.655697191108,5.21624163536,0.0710661051477,-0.0335694966836,0.0,433.65651754540886,433.7110539649092,434.20674495397736,434.77567722469706
2.520000000000002,0.612834310199,0.464430853525,17.4382791643,0.0936500985833,6.20680144162,0.0,0.849489109276,0.704016245543,5.16150773365,0.0930916467883,-0.0325337609543,0.0,414.0616431484127,414.1522474561862,413.97292326579196,415.91226993169965
2.580000000000002,0.665203559011,0.508403285931,17.7485436434,0.100608937824,6.20461093057,0.0,0.896321466006,0.762297292553,5.18043322122,0.141887778974,-0.0459575647387,0.0,438.1885120680247,437.07030583867027,437.4639268935643,441.5198841688255
2.640000000000002,0.720660234322,0.556310269868,18.0628885688,0.108718868777,6.20177296415,0.0,0.952473444937,0.835409428695,5.29701151518,0.116271230604,-0.0501271698221,0.0,469.2270424041788,468.9019701454037,470.7870601310577,468.8159270483419
2.700000000000002,0.778923618553,0.607936765724,18.3766736493,0.115650259117,6.19870527434,0.0,0.989885400091,0.886000093162,5.1629857184,0.113984934923,-0.0532085137161,0.0,388.89775710091664,388.6068856237993,388.05805890557167,387.85739524211004
2.760000000000002,0.840012810975,0.663430272966,18.6886922008,0.122455587111,6.19513487543,0.0,1.04670746556,0.964396359712,5.23710533979,0.112273156923,-0.0766912099325,0.0,458.3457759606221,456.4728149834947,456.6692266878693,456.54371509314836
2.820000000000002,0.904732888247,0.723963583817,19.0067633836,0.129427241333,6.19061394604,0.0,1.11104685325,1.05401155558,5.3644393784,0.123060033778,-0.0727922249747,0.0,474.5331791198926,474.82835909619723,473.53052477039193,474.37079903613244
2.880000000000002,0.973267032337,0.789826032639,19.3309433122,0.136595011815,6.18582131218,0.0,1.17382156212,1.14204797769,5.44094940528,0.111080195777,-0.100376212221,0.0,461.83969376283505,459.65328774422323,460.88835516330425,459.9526234349001
2.940000000000002,1.04570765992,0.861162223247,19.6600712266,0.143324754917,6.17951660731,0.0,1.24142651859,1.23640383653,5.52927286612,0.114241575091,-0.116691982715,0.0,466.0302292186904,464.743681853813,465.46816568026236,465.7260760653639
3.000000000000002,1.12213799358,0.93802280903,19.99260162,0.150638726043,6.17257129508,0.0,1.3068589779,1.32620708673,5.55465224631,0.133961766257,-0.113946191633,0.0,446.8774038682325,447.08931319025675,446.91114626993476,448.52898080263367
3.0600000000000023,1.20288501739,1.02076146266,20.3289377449,0.158230598597,6.16595058103,0.0,1.38532013003,1.4324306109,5.65568580466,0.1044147281,-0.103977369401,0.0,470.76093260664317,471.5217441586167,473.53332330338,471.26760572422
3.1200000000000023,1.28841787501,1.10994382653,20.6708263033,0.164666097814,6.15991783263,0.0,1.46631222416,1.540827662,5.73982734212,0.112408441228,-0.0944449914157,0.0,468.1671946061607,468.9002260574216,467.8965951285609,468.5280469526437
3.1800000000000024,1.37867021084,1.20541443867,21.0156813075,0.171814297845,6.15455664996,0.0,1.54255399727,1.64208338511,5.75492136412,0.130002320554,-0.0807406755151,0.0,447.58021585143905,448.6877156282826,447.95343843894153,449.3945842804708
3.2400000000000024,1.47352908919,1.30700682003,21.3609426866,0.179218438644,6.14936236538,0.0,1.61981079716,1.74493894261,5.75343903078,0.105016457526,-0.101983662185,0.0,445.25410536884846,443.50596563126635,444.6145011004501,442.5757548804979
3.3000000000000025,1.57370453583,1.4156709253,21.7103607471,0.185214531023,6.14517174108,0.0,1.71975124125,1.87765646767,5.89268414175,0.0871086177147,-0.0388283375265,0.0,484.558707446396,489.2793154726164,490.11679123205033,488.79125893847583
3.3600000000000025,1.67973629085,1.53212983262,22.0665670323,0.190251683486,6.14315644688,0.0,1.81473955313,2.00466256853,5.98004850709,0.0767508218483,-0.0247594148301,0.0,474.2699420734161,475.3490990279031,475.33697617758884,474.5476285712853
3.4200000000000026,1.79056742641,1.65504734913,22.4215006452,0.195055799277,6.14163746974,0.0,1.87978353138,2.09297871141,5.85151673617,0.0859890961788,-0.0264537975354,0.0,405.9802963712111,405.8280207759932,405.27514057474986,406.11065329832775
3.4800000000000026,1.90591227272,1.78413627562,22.772794103,0.200005976727,6.13990091342,0.0,1.96512823128,2.21034697583,5.85790961184,0.074420282361,-0.0344525090854,0.0,452.00646063072816,451.3610102322014,449.6048450485363,448.6717644196383
3.5400000000000027,2.0265864488,1.92059706223,23.1256795953,0.205179073413,6.13737544158,0.0,2.05745509131,2.33866410687,5.90433095633,0.102996747192,-0.0652837595874,0.0,464.03064819184334,461.6023623847994,463.76050721624927,466.005633828664
3.6000000000000028,2.15271548564,2.06466512853,23.4804291225,0.21153288918,6.13374911438,0.0,2.14710946786,2.46404653708,5.92013886466,0.111140081862,-0.0521829948046,0.0,455.13733950672827,456.1823381599103,455.1363705389724,455.79728058548966
3.660000000000003,2.2842917868,2.21637842224,23.8361600111,0.218773219809,6.13149984239,0.0,2.23891441661,2.5935654437,5.93701887397,0.134983457725,-0.0178987732056,0.0,455.96883471357506,458.69930619063814,455.72198301481035,457.63666495398644
3.720000000000003,2.42190504529,2.37670332902,24.1960571187,0.226644452944,6.13028339793,0.0,2.34811975356,2.75117144964,6.05834769377,0.122253301959,-0.0255065913981,0.0,490.154548795978,489.588773282149,491.09855748235856,490.16713957770867
3.780000000000003,2.56566573439,2.54601778592,24.5605109125,0.233790324509,6.12851999739,0.0,2.4439374561,2.89314312684,6.08944399464,0.111900428289,-0.0385795648917,0.0,465.2195996346942,464.1943593422786,465.9645570791844,465.166328596937
3.840000000000003,2.71436318157,2.72271869706,24.921567852,0.240103419432,6.12620235349,0.0,2.51284664733,2.99739082521,5.94620244826,0.0864852271538,-0.0387232125105,0.0,408.6921152882151,408.67843479988176,408.8925446711579,406.6318463733197
3.900000000000003,2.86853990333,2.90772967986,25.2820926322,0.245003424034,6.12396005108,0.0,2.62640591463,3.16983900967,6.07005734762,0.069684508144,-0.0347977142418,0.0,493.59160230973094,493.8807740897839,495.05111150219284,493.81764566665623
3.960000000000003,3.0291484773,3.1025367907,25.6474801501,0.249573127562,6.12170270509,0.0,2.72727774855,3.32391443938,6.10882488911,0.0866976128375,-0.0439717709275,0.0,470.18432577973766,469.4722602501471,470.8501051665757,472.1689117888894
4.020000000000002,3.19499441322,3.30536984298,26.0101209556,0.254553753396,6.11934028855,0.0,2.80112075662,3.43756448973,5.97953546771,0.0743762302592,-0.0314798783383,0.0,415.7514017118749,416.843865193149,417.3306942191471,416.2595593064552
4.080000000000001,3.36565243596,3.51561982678,26.3670861025,0.258792199963,6.11724299225,0.0,2.8875889256,3.57102058837,5.91921394003,0.0618711630899,-0.0430115186674,0.0,440.4843458803342,439.5288481958982,439.51701571051984,438.48293534631273
4.14,3.54154751728,3.73395855725,26.7205478685,0.262199104485,6.114888497,0.0,2.97572353101,3.70710995747,5.8627355139,0.0439233682379,-0.0326058362798,0.0,439.3354668737456,440.19681704759995,442.94447168245887,441.46777111126283
4.199999999999998,3.72279145971,3.96054694357,27.0708098814,0.264619119346,6.11381180745,0.0,3.06578847908,3.84591350184,5.81256889382,0.0319642507747,0.00161574103694,0.0,441.1674252239917,443.9847567243973,444.4794304031704,443.49881004779206
4.259999999999997,3.90948681081,4.19555253863,27.4183310568,0.266756368061,6.11451352266,0.0,3.15726371518,3.987634165,5.77137991261,0.042079756884,0.0266371375291,0.0,445.60968557477815,447.650888732804,445.7629893372228,446.58960890222227
4.319999999999996,4.10168068516,4.43914065613,27.7636198422,0.268924616347,6.11665722172,0.0,3.24893004169,4.13201856729,5.73813131912,0.0203047641674,0.0495373226941,0.0,448.48948613107393,450.34663308413866,449.8668991276624,448.1003178280119
4.379999999999995,4.29918507681,4.6911927526,28.1061660921,0.270384811886,6.11974384293,0.0,3.33421989401,4.2697168323,5.68018583386,0.0313776308377,0.05500588233,0.0,442.13799084909135,442.5901323680059,439.49839126135953,440.41552533472714
4.439999999999993,4.50236443616,4.95253186891,28.4489391765,0.272266500483,6.12389243841,0.0,3.43782343357,4.44145343601,5.74493491508,0.0313291544975,0.0882161643941,0.0,479.0927866249053,481.61480580981396,480.27395411341655,480.27053920698904
4.499999999999992,4.71058742152,5.22239970142,28.7892141425,0.274303567711,6.12957931273,0.0,3.50256260022,4.55432241707,5.5982775956,0.0387367435586,0.105432726004,0.0,410.27837070535537,411.81287396652846,411.79753451008577,412.4530445710338
4.559999999999991,4.92347327471,5.50059931841,29.1262300158,0.27665336978,6.13585259686,0.0,3.5928300166,4.7189530093,5.6351704813,0.0400030430285,0.102739819058,0.0,471.1515166216125,470.95207376368893,471.78465460201716,471.88310643845887
4.6199999999999894,5.14151923176,5.78849112103,29.4647549683,0.279166061421,6.1416979343,0.0,3.67463822291,4.87742839665,5.64871222215,0.0453860392239,0.0838110084857,0.0,466.5375691149784,465.0643966752826,463.88316438504995,464.30664323650166
4.679999999999988,5.3642114895,6.0856515251,29.8032009584,0.282281756588,6.14666210374,0.0,3.74785830041,5.0279745652,5.63267548546,0.0625527699432,0.0804963101647,0.0,456.45560549584235,456.19629909000923,455.20279921365216,456.5764597754155
4.739999999999987,5.59105535789,6.39160509536,30.1397695554,0.28629152545,6.15099546519,0.0,3.81310218956,5.17064436269,5.58627625596,0.074240645297,0.045455257351,0.0,447.52176335500616,444.66323910733917,446.4871135823342,447.44319096428103
4.799999999999986,5.82154653807,6.70577341381,30.4722557227,0.290889994546,6.15437559686,0.0,3.86963165733,5.30188259205,5.49679987758,0.0810527804584,0.0721504797237,0.0,430.4773943850883,432.73322761623285,432.34274892992323,432.92129315551466
4.859999999999984,6.0559455544,7.02918045795,30.8037816805,0.295865927274,6.15852428715,0.0,3.94304704657,5.47846321199,5.5533274814,0.0864463573204,0.0623338694672,0.0,479.619949326329,478.8768336934258,478.79078874715697,479.20610565881884
4.919999999999983,6.2943619443,7.36258154529,31.1365051253,0.301576093388,6.16247789032,0.0,4.00368941426,5.63513699326,5.53714128851,0.108537775215,0.0721983163526,0.0,457.5021959738507,458.29020911060604,456.63052862499694,458.3971313790372
4.979999999999982,6.53594132172,7.70450831485,31.4652179555,0.308027200339,6.16679334944,0.0,4.04858339367,5.76283590113,5.42026851167,0.105399538163,0.07137092122,0.0,424.1517652544583,424.08493550796663,425.1410965395205,424.88276747500686
5.0399999999999805,6.78058153868,8.05534201771,31.7906210574,0.314602003843,6.17179188352,0.0,4.10549931234,5.9318941519,5.42599846374,0.116843119282,0.100231664326,0.0,463.89982574946066,466.16619161998074,464.25050524846034,465.1577365175739
